    0.000     1.000     0.250
    0.005     0.998     0.255
    0.010     0.996     0.259
    0.015     0.994     0.264
    0.020     0.993     0.269
    0.025     0.991     0.273
    0.030     0.989     0.278
    0.035     0.988     0.283
    0.040     0.986     0.288
    0.045     0.985     0.293
    0.050     0.983     0.297
    0.055     0.982     0.302
    0.060     0.981     0.307
    0.065     0.980     0.312
    0.070     0.978     0.317
    0.075     0.977     0.322
    0.080     0.976     0.327
    0.085     0.975     0.332
    0.090     0.975     0.338
    0.095     0.974     0.343
    0.100     0.973     0.348
